BLM_PValue:5.538681e-41
PKM_PValue:1.266503e-47
LapRLS_PValue:4.498960e-45
NetLapRLS_PValue:5.410758e-44
GIP_PValue:5.675637e-35
KBMF2K_PValue:4.006252e-43
CMF_PValue:1.281013e-32
MSCMF_PValue:4.160739e-21
TMF_PValue:1.665730e-19
MSTMF_WEIGHT_PValue:1.749836e-06
