BLM_PValue:4.735689e-38
PKM_PValue:1.107708e-47
LapRLS_PValue:1.280199e-37
NetLapRLS_PValue:3.549256e-32
GIP_PValue:9.369223e-30
KBMF2K_PValue:3.293723e-28
CMF_PValue:4.207307e-14
MSCMF_PValue:8.433631e-13
TMF_PValue:5.533679e-09
MSTMF_PValue:5.000056e-03
