BLM_PValue:1.204217e-28
PKM_PValue:2.140843e-22
LapRLS_PValue:3.354834e-31
NetLapRLS_PValue:7.215980e-30
GIP_PValue:7.078237e-25
KBMF2K_PValue:9.833630e-25
CMF_PValue:5.903867e-20
TMF_PValue:2.109618e-01
MSTMF_PValue:3.157936e-05
