BLM_PValue:7.263852e-08
PKM_PValue:9.143971e-12
LapRLS_PValue:3.078050e-08
NetLapRLS_PValue:2.178125e-08
GIP_PValue:3.465401e-04
KBMF2K_PValue:9.132191e-10
CMF_PValue:3.802272e-05
TMF_PValue:3.023078e-03
MSTMF_WEIGHT_PValue:1.625663e-01
